                          012345678901
                 123456789111111111122
                +---------------------+
               1|                4.20 |   0
               2|                  255|   8
               3|   123.4 1234.5   255|  16
               4|   254.1 2254.1   255|  24
               5|    65536      65536 |  32
               6|    65536      65536 |  40
               7|    123456     11.1  |  48
               8|     123.45          |  56
               9|     123.45    100   |  64
              10|                     |  72
              11|  65536 65536 65536  |  80
              12|  65536 65536 65536  |  88
              13|  65536 65536 65536  |  96
              14|     +90.000         | 104
              15|    -180.000   54321 | 112
              16| 2016-01-31 12:34:56 | 120
                +---------------------+
                                  1111
                   1123344566778990012
                 062840628406284062840
 1   0         _/////////////////////
 2   6         _////////////////////
 3  12         _///////////////////
 4  18         _//////////////////
 5  24         _/////////////////
 6  30         _////////////////
 7  36         _///////////////
 8  42         _//////////////
 9  48         _/////////////
10  54         _////////////
11  60         _///////////
12  66         _//////////
13  72         _/////////
14  78         _////////
15  84         _///////
16  90         _//////
17  96         _/////
18 102         _////
19 108         _///
20 114         _//
21 120         _/
